Time, Country, GDP, CPI
2003, Brunei, 2,90395547653115, 93,593679549146
2004, Brunei, 0,504318252687327, 94,3557417455415
2005, Brunei, 0,38750720823208, 95,5299396195795
2006, Brunei, 4,39771967752176, 95,6826806042815
2007, Brunei, 0,154581811742773, 96,6086728240376
2008, Brunei, -1,93971463784671, 98,6229445597957
2009, Brunei, -1,76453554132601, 99,6443998949906
2010, Brunei, 2,59896574643226, 100
2011, Brunei, 3,74531835205994, 100,13791156317
2012, Brunei, 0,912841670964411, 100,249831963168
2013, Brunei, -2,12602851740175, 100,640009374917
2014, Brunei, -2,50835256644561, 100,431575127897
2015, Brunei, -0,392383749502031, 99,9411201211483
2016, Brunei, -2,47791771833224, 99,6625909496525
2017, Brunei, 1,32860255161715, 98,4063383634936
2018, Brunei, 0,0522377907767719, 99,4150542992179
2019, Brunei, 3,86910986506845, 99,0268165721066
2020, Brunei, 1,1335733495246, 100,948253665821
2021, Brunei, -1,5907624796029, 102,69810471103
2022, Brunei, -1,62833154022366, 106,479705986051
2003, Cambodia , 8,50589555707634, 61,3294255110073
2004, Cambodia , 10,340528776847, 63,9784499406004
2005, Cambodia , 13,2500869136436, 68,2107901851408
2006, Cambodia , 10,7710836701771, 72,1743046830313
2007, Cambodia , 10,2125739126309, 78,4598405256494
2008, Cambodia , 6,69157747471078, 97,366192122104
2009, Cambodia , 0,0866969592706113, 96,1571790346473
2010, Cambodia , 5,96307857538696, 100
2011, Cambodia , 7,0695699458918, 105,478447496175
2012, Cambodia , 7,31334550530008, 108,573518555638
2013, Cambodia , 7,35666514887971, 111,767344424509
2014, Cambodia , 7,14257110074297, 116,076745197925
2015, Cambodia , 6,96579781444953, 117,497445574856
2016, Cambodia , 6,9333139730861, 121,044857661075
2017, Cambodia , 6,99690369934196, 124,570453245464
2018, Cambodia , 7,469169206999, 127,633746767247
2019, Cambodia , 7,05410693233065, 130,113128034144
2020, Cambodia , -3,0960067306119, 133,938838017668
2021, Cambodia , 3,02638936277746, 137,850836238126
2022, Cambodia , 5,16245999997302, 145,217175025789
2003, Indonesia, 4,78036912167654, 58,6292659267048
2004, Indonesia, 5,03087394501685, 62,1845797227916
2005, Indonesia, 5,69257130383384, 68,6848572274766
2006, Indonesia, 5,50095178520348, 77,6885299427697
2007, Indonesia, 6,34502222667214, 82,6656944122493
2008, Indonesia, 6,01370360009123, 91,1196376754983
2009, Indonesia, 4,62887118256153, 95,1165236317343
2010, Indonesia, 6,22385418062366, 100
2011, Indonesia, 6,16978420771008, 105,356047789822
2012, Indonesia, 6,03005065305615, 109,864759851215
2013, Indonesia, 5,5572636889101, 116,909852190406
2014, Indonesia, 5,006668425755, 124,386150032818
2015, Indonesia, 4,87632230022123, 132,300991429788
2016, Indonesia, 5,03306918280177, 136,965666608222
2017, Indonesia, 5,06978590134916, 142,182412273917
2018, Indonesia, 5,17429153955024, 146,729898360527
2019, Indonesia, 5,01928768046282, 151,176675071352
2020, Indonesia, -2,06551182934165, 154,080730631506
2021, Indonesia, 3,70305535690933, 156,484590188327
2022, Indonesia, 5,30859500543608, 163,071752418121
2003, Lao, 6,06700230375843, 66,3179906033737
2004, Lao, 6,35769548012803, 73,2563556712173
2005, Lao, 7,10756836906148, 78,5054794732104
2006, Lao, 8,61926620873047, 83,6441297338658
2007, Lao, 7,59682880050465, 87,5435962227756
2008, Lao, 7,82490276260827, 94,2221298615915
2009, Lao, 7,50177491260473, 94,3551598960601
2010, Lao, 8,52690551722873, 100
2011, Lao, 8,03865268080929, 107,5689885611
2012, Lao, 8,02609843404085, 112,146185398532
2013, Lao, 8,02630022637751, 119,291497933913
2014, Lao, 7,61196344074379, 124,217333843943
2015, Lao, 7,27006584339864, 125,804029263158
2016, Lao, 7,02283625501138, 127,813009249952
2017, Lao, 6,8925308726989, 128,868078299
2018, Lao, 6,24796000755872, 131,497493121167
2019, Lao, 5,4577350924848, 135,866574667173
2020, Lao, 0,503031829708618, 142,801303317533
2021, Lao, 2,52835100102986, 148,164378148681
2022, Lao, 2,70742652740685, 182,1773224818
2003,  Malaysia, 5,7884992858875, 84,0422836367056
2004,  Malaysia, 6,78343772370305, 85,2367523757134
2005,  Malaysia, 5,33213916141486, 87,7726062146297
2006,  Malaysia, 5,5848470671515, 90,9405264022545
2007,  Malaysia, 6,29878592740947, 92,7842120541747
2008,  Malaysia, 4,83176988913097, 97,8323989582419
2009,  Malaysia, -1,51352871598714, 98,4030635647887
2010,  Malaysia, 7,42484738326097, 100
2011,  Malaysia, 5,29391283414003, 103,174470921513
2012,  Malaysia, 5,47345419253853, 104,890851524746
2013,  Malaysia, 4,69372252557893, 107,098816863856
2014,  Malaysia, 6,00672194558203, 110,464922512915
2015,  Malaysia, 5,09153242155011, 112,789535077487
2016,  Malaysia, 4,44978139761541, 115,147475420763
2017,  Malaysia, 5,81272240983328, 119,605065822363
2018,  Malaysia, 4,84308697634881, 120,663222796201
2019,  Malaysia, 4,41318742129586, 121,463089485086
2020,  Malaysia, -5,53443529719299, 120,079986668889
2021,  Malaysia, 3,09216261593808, 123,05449091818
2022,  Malaysia, 8,69434320308062, 127,212131311448
2003, Myanmar, 12,9863248927921, 38,9504264120604
2004, Myanmar, 13,6952873426046, 40,7165219987298
2005, Myanmar, 13,5669420088724, 44,5310974654808
2006, Myanmar, 13,30686930826, 53,4357527307125
2007, Myanmar, 12,5004862939068, 72,1514098169118
2008, Myanmar, 11,0742676521013, 91,4876537263591
2009, Myanmar, 10,4098444030112, 92,834665896028
2010, Myanmar, 10,0692860939855, 100
2011, Myanmar, 7,52005722724248, 105,021460146207
2012, Myanmar, 6,4857540044064, 106,562737479798
2013, Myanmar, 7,89866947823812, 112,576114138628
2014, Myanmar, 8,19966375042618, 118,152345882585
2015, Myanmar, 3,27727941700189, 129,322671760607
2016, Myanmar, 10,5077807807102, 138,283213706085
2017, Myanmar, 5,75006450029507, 144,606264199701
2018, Myanmar, 6,404977325147, 154,544081933578
2019, Myanmar, 6,7504601462238, 168,182700659367
2020, Myanmar, 3,17377440041078, 
2021, Myanmar, -17,9129448042714, 
2022, Myanmar, 3,00267834086408, 
2003, Philippines, 5,08691113513073, 70,4564315352697
2004, Philippines, 6,56922851180626, 73,8589211618257
2005, Philippines, 4,94250511877678, 78,6721991701245
2006, Philippines, 5,31641682136939, 82,9875518672199
2007, Philippines, 6,51929155018938, 85,3941908713693
2008, Philippines, 4,34448730509183, 92,448132780083
2009, Philippines, 1,44832306275669, 96,3485477178423
2010, Philippines, 7,33449996034538, 100
2011, Philippines, 3,85823282795663, 104,718417047184
2012, Philippines, 6,89695171050985, 107,888205739633
2013, Philippines, 6,75053130142255, 110,674621117395
2014, Philippines, 6,34798748260867, 114,656498576585
2015, Philippines, 6,34830971672761, 115,429504132997
2016, Philippines, 7,14945675000752, 116,876642442093
2017, Philippines, 6,9309883258402, 120,211352458706
2018, Philippines, 6,34148557153473, 126,593789832853
2019, Philippines, 6,11852566221303, 129,621996007385
2020, Philippines, -9,51829474045297, 132,7240608691
2021, Philippines, 5,7147331320319, 137,936373936063
2022, Philippines, 7,57033248818529, 145,965868357034
2003, Singapore, 4,54825542643229, 86,1470400906292
2004, Singapore, 9,93998268434957, 87,5794303570314
2005, Singapore, 7,36632239250758, 87,9517360124626
2006, Singapore, 9,00676607871758, 88,7986248424537
2007, Singapore, 9,02151951268893, 90,6677293693
2008, Singapore, 1,86348345462035, 96,676988610904
2009, Singapore, 0,127953382778088, 97,2538797862137
2010, Singapore, 14,5197497108994, 100
2011, Singapore, 6,21493416858989, 105,247793398405
2012, Singapore, 4,43549759378537, 110,063514278795
2013, Singapore, 4,81763099120676, 112,659476898612
2014, Singapore, 3,93554027709007, 113,81440330709
2015, Singapore, 2,97679931634806, 113,219588558659
2016, Singapore, 3,60165603913242, 112,616956081526
2017, Singapore, 4,54472821784424, 113,265922901941
2018, Singapore, 3,57543271019112, 113,762730027133
2019, Singapore, 1,33126132689951, 114,405785881945
2020, Singapore, -3,90105340221118, 114,197662689794
2021, Singapore, 8,88235399664532, 116,829758470318
2022, Singapore, 3,64697207108541, 123,980978131334
2003, Vietnam, 6,89906349173721, 51,3232296369754
2004, Vietnam, 7,53641061182286, 55,3033191440045
2005, Vietnam, 7,5472477272256, 59,8849626753952
2006, Vietnam, 6,97795481183493, 64,3272394775767
2007, Vietnam, 7,12950448396103, 69,6949931031089
2008, Vietnam, 5,66177120802571, 85,8053032346153
2009, Vietnam, 5,39789754276931, 91,5688306084693
2010, Vietnam, 6,42323821717194, 100
2011, Vietnam, 6,41317768937854, 118,677732277071
2012, Vietnam, 5,50454561980331, 129,471120024261
2013, Vietnam, 5,5535002447951, 138,006729874285
2014, Vietnam, 6,42224665601026, 143,643689923265
2015, Vietnam, 6,98716672377549, 144,550370194288
2016, Vietnam, 6,69000921330894, 148,407332801278
2017, Vietnam, 6,94018778219049, 153,631652156685
2018, Vietnam, 7,464991257446, 159,069641224583
2019, Vietnam, 7,3592809998546, 163,516947912918
2020, Vietnam, 2,86541194612104, 168,783721483338
2021, Vietnam, 2,56155114232494, 171,880422664063
2022, Vietnam, 8,01979845814972, 177,305841095851
2003, Thailand, 7,18924330340971, 80,5873194711431
2004, Thailand, 6,28934214285795, 82,8108439018472
2005, Thailand, 4,18763842884337, 86,5707619496003
2006, Thailand, 4,96781089246107, 90,5854588383715
2007, Thailand, 5,43515169050809, 92,615968995577
2008, Thailand, 1,72569884866334, 97,6806635321804
2009, Thailand, -0,690618232300579, 96,854562441607
2010, Thailand, 7,51339053261624, 100
2011, Thailand, 0,840132083053334, 103,808790581396
2012, Thailand, 7,24279620249642, 106,938521293068
2013, Thailand, 2,68749556320556, 109,275006271572
2014, Thailand, 0,984468863619426, 111,345922613126
2015, Thailand, 3,13404724911635, 110,34333613031
2016, Thailand, 3,43515771692182, 110,550946791118
2017, Thailand, 4,1776810321001, 111,286809151122
2018, Thailand, 4,22287028746071, 112,470786778062
2019, Thailand, 2,11455779628278, 113,265649996346
2020, Thailand, -6,0669259685517, 112,307493787832
2021, Thailand, 1,49209523545821, 113,689320040059
2022, Thailand, 2,5947334334048, 120,59868874216
